2603.22779
2603.23496
2603.23507
2603.23514
2603.23517
2603.23530
2603.23533
2603.23534
2603.23539
2603.23544
2603.23547
2603.23550
2603.23558
2603.23561
2603.23562
2603.23565
2603.23566
2603.23568
2603.23571
2603.23573
2603.23574
2603.23575
2603.23576
2603.23577
2603.23578
2603.23580
2603.23581
2603.23582
2603.23583
2603.23584
2603.23611
2603.23626
2603.23629
2603.23640
2603.23647
2603.23658
2603.23668
2603.23669
2603.23685
2603.23719
2603.23722
2603.23723
2603.23736
2603.23738
2603.23746
2603.23755
2603.23780
2603.23783
2603.23784
2603.23785
2603.23787
2603.23792
2603.23794
2603.23799
2603.23800
2603.23805
2603.23821
2603.23822
2603.23823
2603.23831
2603.23835
2603.23854
2603.23860
2603.23861
2603.23862
2603.23867
2603.23871
2603.23873
2603.23878
2603.23889
2603.23890
2603.23911
2603.23914
2603.23926
2603.23933
2603.23937
2603.23943
2603.23961
2603.23967
2603.23971
2603.23974
2603.23977
2603.23984
2603.23985
2603.23987
2603.23994
2603.24002
2603.24016
2603.24025
2603.24033
2603.24041
2603.24044
2603.24054
2603.24076
2603.24083
2603.24093
2603.24101
2603.24105
2603.24111
2603.24113
2603.24124
2603.24126
2603.24128
2603.24131
2603.24132
2603.24138
2603.24139
2603.24143
2603.24150
2603.24167
2603.24186
2603.24196
2603.24202
2603.24207
2603.24209
2603.24213
2603.24226
2603.24227
2603.24232
2603.24239
2603.24241
2603.24254
2603.24262
2603.24265
2603.24275
2603.24291
2603.24304
2603.24323
2603.24324
2603.24350
2603.24358
2603.24366
2603.24369
2603.24382
2603.24384
2603.24392
2603.24396
2603.24400
2603.24427
2603.24428
2603.24431
2603.24436
2603.24440
2603.24472
2603.24475
2603.24477
2603.24481
2603.24493
2603.24500
2603.24503
2603.24511
2603.24517
2603.24518
2603.24524
2603.24533
2603.24562
2603.24567
2603.24580
2603.24587
2603.24594
2603.24598
2603.24601
2603.24617
2603.24618
2603.24626
2603.24634
2603.24636
2603.24638
2603.24639
2603.24641
2603.24644
2603.24647
2603.24648
2603.24652
2603.24654
2603.24695
2603.24704
2603.24705
2603.24709
2603.24714
2603.24721
2603.24736
2603.24738
2603.24742
2603.24744
2603.24746
2603.24750
2603.24752
2603.24753
2603.24763
2603.24764
2603.24772
2603.24780
2603.24790
2603.24801
2603.24804
2603.24828
2603.24829
2603.24844
2603.24846
2603.24850
2603.24857
2603.24883
2603.24916
2603.24917
2603.24925
2603.24934
2603.24946
2603.24963
2603.24974
2603.25009
2603.25022
2603.25024
2603.25029
2603.25033
2603.25040
2603.25046
2603.25047
2603.25062
2603.25063
2603.25068
2603.25070
2603.25093
2603.25103
2603.25111
2603.25132
2603.25138
2603.25140
2603.25145
2603.25150
2603.25157
2603.25184
2603.25186
2603.25204
2603.25221
2603.25222
2603.25224
2603.25229
2603.25241
2603.25250
2603.25251
2603.25255
2603.25257
2603.25288
2603.25311
2603.25325
2603.25334
2603.25342
2603.25370
2603.25373
2603.25374
2603.25381
2603.25385
2603.25397
2603.25403
2603.25414
2603.25440
2603.25464
2603.25466
2603.25469
2603.25473
2603.25476
2603.25495
2603.25499
2603.25507
2603.25509
2603.25510
2603.25517
2603.25535
2603.25538
2603.25561
2603.25562
2603.25572
2603.25573
2603.25579
2603.25597
2603.25614
2603.25622
2603.25629
2603.25635
2603.25638
2603.25670
2603.25673
2603.25687
2603.25692
2603.25699
2603.25719
2603.25722
2603.25740
