2603.25737
2603.25727
2603.25720
2603.25719
2603.25633
2603.25551
2603.25498
2603.25480
2603.25450
2603.25415
2603.25412
2603.25379
2603.25356
2603.25334
2603.25328
2603.25326
2603.25293
2603.25284
2603.25283
2603.25273
2603.25266
2603.25197
2603.25158
2603.25152
2603.25133
2603.25115
2603.25097
2603.25075
2603.25046
2603.25035
2603.25031
2603.25025
2603.25022
2603.25001
2603.24967
2603.24963
2603.24961
2603.24947
2603.24943
2603.24933
2603.24929
2603.24904
2603.24866
2603.24856
2603.24853
2603.24787
2603.24768
2603.24747
2603.24742
2603.24736
2603.24676
2603.24621
2603.25741
2603.25740
2603.25730
2603.25728
2603.25723
2603.25716
2603.25699
2603.25697
2603.25692
2603.25686
2603.25674
2603.25646
2603.25638
2603.25624
2603.25613
2603.25607
2603.25570
2603.25568
2603.25562
2603.25524
2603.25517
2603.25510
2603.25507
2603.25495
2603.25464
2603.25462
2603.25423
2603.25414
2603.25405
2603.25403
2603.25397
2603.25385
2603.25366
2603.25351
2603.25333
2603.25325
2603.25322
2603.25289
2603.25288
2603.25268
2603.25253
2603.25251
2603.25250
2603.25247
2603.25243
2603.25226
2603.25216
2603.25209
2603.25196
2603.25187
2603.25184
2603.25170
2603.25164
2603.25157
2603.25155
2603.25150
2603.25146
2603.25144
2603.25140
2603.25138
2603.25126
2603.25112
2603.25109
2603.25103
2603.25100
2603.25099
2603.25091
2603.25083
2603.25070
2603.25063
2603.25056
2603.25052
2603.25015
2603.25008
2603.25006
2603.24999
2603.24989
2603.24986
2603.24968
2603.24965
2603.24955
2603.24940
2603.24936
2603.24934
2603.24914
2603.24908
2603.24898
2603.24896
2603.24891
2603.24877
2603.24857
2603.24849
2603.24846
2603.24844
2603.24828
2603.24825
2603.24821
2603.24806
2603.24804
2603.24801
2603.24775
2603.24774
2603.24772
2603.24755
2603.24750
2603.24746
2603.24738
2603.24724
2603.24721
2603.24692
2603.24651
2603.24639
2603.24636
2603.24634
2603.24631
2603.24629
2603.24618
2603.24603
2603.24602
2603.24601
2603.24599
2603.24596
2603.24595
2506.11680
2402.05122
2603.24582
2603.24572
2603.24527
2603.24481
2603.24402
2603.24084
2603.24065
2603.24018
2603.24014
2603.23964
2603.23910
2603.23909
2603.23873
2603.23857
2603.23853
2603.23840
2603.23838
2603.23749
2603.23714
2603.23676
2603.23660
2603.23638
2603.23625
2603.23610
2603.23539
2603.24580
2603.24577
2603.24576
2603.24575
2603.24570
2603.24559
2603.24558
2603.24556
2603.24549
2603.24541
2603.24539
2603.24533
2603.24524
2603.24511
2603.24470
2603.24448
2603.24440
2603.24436
2603.24422
2603.24414
2603.24410
2603.24396
2603.24389
2603.24382
2603.24355
2603.24350
2603.24343
2603.24329
