2603.25615
2603.25606
2603.25536
2603.25479
2603.25459
2603.25452
2603.25400
2603.25294
2603.24890
2603.24803
2603.24616
2603.25486
2603.25338
2603.25177
2603.24913
2603.24640
2603.24619
2603.24605
2512.09295
2603.24555
2603.24499
2603.24473
2603.24266
2603.24127
2603.24066
2603.24545
2603.24502
2603.24459
2603.24423
2603.24333
2603.24255
2603.24170
2603.24153
2603.24056
2603.23783
2603.23736
2603.23675
2603.23621
2603.23567
2603.23175
2603.23053
2603.22997
2603.22828
2603.22676
2603.22664
2603.22652
2603.22562
2603.22541
2603.22360
2603.23212
2603.23196
2603.22659
2603.22611
2603.22432
2603.22358
2603.15463
2603.22272
2603.22112
2603.21817
2603.21780
2603.21671
2603.21634
2603.21464
2603.20996
2603.20944
2603.20605
2603.20517
2603.22224
2603.22188
2603.22156
2603.22079
2603.22022
2603.21683
2603.21406
2603.21391
2603.21372
2603.21255
2603.21091
2603.20959
2603.20922
2603.20892
2603.20840
2603.20495
2603.20483
2603.20384
2603.20329
2603.20259
2602.07696
2603.20078
2603.19800
2603.19774
2603.19717
2603.19577
2603.19493
2603.20110
2603.20104
2603.20060
2603.19859
2603.19853
2603.19772
2603.19758
2603.19528
2603.19463
2603.19411
2603.18168
